{
 "cells": [
  {
   "cell_type": "markdown",
   "metadata": {},
   "source": [
    "We'll use `statsmodels` to fit some (Ordinary Least Squares) linear models using random data.\n",
    "First make a response `y` of 200 random numbers. Then generate 20 random features in an `X`\n",
    "to predict with. Fit a linear model using both the 'Famous Equation' and the python built-ins.\n",
    "Check the `summary()` output of the results from the python built-ins. Do you have any features\n",
    "with `P>|t|` less than 0.05? (Repeat the process until you have at least one.)\n",
    "Check out the model's `R-squared` and `Adj. R-squared`. Repeat the feature generation and model\n",
    "fitting process with 40, 60, 80, and 100 features. What happens with `R-squared` and `Adj. R-squared`?\n",
    "If you have time, automate this experimental procedure and make a plot\n",
    "of `R-squared` and `Adj. R-squared` against number of features for one\n",
    "to one hundred features."
   ]
  },
  {
   "cell_type": "code",
   "execution_count": 34,
   "metadata": {
    "collapsed": true
   },
   "outputs": [],
   "source": [
    "import statsmodels\n",
    "import numpy as np\n",
    "import pandas as pd\n",
    "import statsmodels.api as sm\n",
    "import statsmodels.formula.api as smf"
   ]
  },
  {
   "cell_type": "code",
   "execution_count": 35,
   "metadata": {
    "collapsed": true
   },
   "outputs": [],
   "source": [
    "xs = map(lambda x: \"X\" + str(x), range(1, 21))"
   ]
  },
  {
   "cell_type": "code",
   "execution_count": 36,
   "metadata": {
    "collapsed": false
   },
   "outputs": [],
   "source": [
    "np.random.seed(0)\n",
    "df_x = pd.DataFrame(np.random.rand(200,20), columns=xs)\n",
    "df_y = pd.DataFrame(np.random.rand(200,1), columns=['Y'])\n",
    "df = df_y.join(df_x)\n",
    "df_xs = df.drop(['Y'], 1)"
   ]
  },
  {
   "cell_type": "code",
   "execution_count": 45,
   "metadata": {
    "collapsed": false
   },
   "outputs": [
    {
     "data": {
      "text/html": [
       "<div>\n",
       "<table border=\"1\" class=\"dataframe\">\n",
       "  <thead>\n",
       "    <tr style=\"text-align: right;\">\n",
       "      <th></th>\n",
       "      <th>Y</th>\n",
       "      <th>X1</th>\n",
       "      <th>X2</th>\n",
       "      <th>X3</th>\n",
       "      <th>X4</th>\n",
       "      <th>X5</th>\n",
       "      <th>X6</th>\n",
       "      <th>X7</th>\n",
       "      <th>X8</th>\n",
       "      <th>X9</th>\n",
       "      <th>...</th>\n",
       "      <th>X11</th>\n",
       "      <th>X12</th>\n",
       "      <th>X13</th>\n",
       "      <th>X14</th>\n",
       "      <th>X15</th>\n",
       "      <th>X16</th>\n",
       "      <th>X17</th>\n",
       "      <th>X18</th>\n",
       "      <th>X19</th>\n",
       "      <th>X20</th>\n",
       "    </tr>\n",
       "  </thead>\n",
       "  <tbody>\n",
       "    <tr>\n",
       "      <th>Y</th>\n",
       "      <td>1.000000</td>\n",
       "      <td>0.029695</td>\n",
       "      <td>-0.003284</td>\n",
       "      <td>0.014470</td>\n",
       "      <td>-0.015712</td>\n",
       "      <td>0.012721</td>\n",
       "      <td>0.061886</td>\n",
       "      <td>-0.067190</td>\n",
       "      <td>-0.130483</td>\n",
       "      <td>-0.066262</td>\n",
       "      <td>...</td>\n",
       "      <td>0.017794</td>\n",
       "      <td>0.093349</td>\n",
       "      <td>-0.022630</td>\n",
       "      <td>0.070063</td>\n",
       "      <td>-0.063841</td>\n",
       "      <td>-0.084814</td>\n",
       "      <td>0.119939</td>\n",
       "      <td>-0.064881</td>\n",
       "      <td>0.102649</td>\n",
       "      <td>-0.034649</td>\n",
       "    </tr>\n",
       "    <tr>\n",
       "      <th>X1</th>\n",
       "      <td>0.029695</td>\n",
       "      <td>1.000000</td>\n",
       "      <td>0.062205</td>\n",
       "      <td>0.028148</td>\n",
       "      <td>-0.013822</td>\n",
       "      <td>0.059583</td>\n",
       "      <td>0.037936</td>\n",
       "      <td>-0.042230</td>\n",
       "      <td>-0.109706</td>\n",
       "      <td>-0.082266</td>\n",
       "      <td>...</td>\n",
       "      <td>0.005369</td>\n",
       "      <td>0.220114</td>\n",
       "      <td>-0.166945</td>\n",
       "      <td>-0.044404</td>\n",
       "      <td>-0.096128</td>\n",
       "      <td>0.109974</td>\n",
       "      <td>0.144742</td>\n",
       "      <td>0.046651</td>\n",
       "      <td>0.003705</td>\n",
       "      <td>-0.217105</td>\n",
       "    </tr>\n",
       "    <tr>\n",
       "      <th>X2</th>\n",
       "      <td>-0.003284</td>\n",
       "      <td>0.062205</td>\n",
       "      <td>1.000000</td>\n",
       "      <td>-0.025533</td>\n",
       "      <td>-0.075947</td>\n",
       "      <td>0.094135</td>\n",
       "      <td>0.015830</td>\n",
       "      <td>-0.093409</td>\n",
       "      <td>-0.013345</td>\n",
       "      <td>0.022155</td>\n",
       "      <td>...</td>\n",
       "      <td>-0.053553</td>\n",
       "      <td>0.086350</td>\n",
       "      <td>-0.065941</td>\n",
       "      <td>-0.176315</td>\n",
       "      <td>-0.235891</td>\n",
       "      <td>-0.032962</td>\n",
       "      <td>-0.050709</td>\n",
       "      <td>-0.000114</td>\n",
       "      <td>0.033776</td>\n",
       "      <td>0.053205</td>\n",
       "    </tr>\n",
       "    <tr>\n",
       "      <th>X3</th>\n",
       "      <td>0.014470</td>\n",
       "      <td>0.028148</td>\n",
       "      <td>-0.025533</td>\n",
       "      <td>1.000000</td>\n",
       "      <td>0.054588</td>\n",
       "      <td>0.006770</td>\n",
       "      <td>-0.033201</td>\n",
       "      <td>0.098152</td>\n",
       "      <td>-0.022209</td>\n",
       "      <td>0.087798</td>\n",
       "      <td>...</td>\n",
       "      <td>0.093097</td>\n",
       "      <td>-0.124179</td>\n",
       "      <td>-0.089029</td>\n",
       "      <td>-0.042376</td>\n",
       "      <td>0.159899</td>\n",
       "      <td>0.001291</td>\n",
       "      <td>0.075915</td>\n",
       "      <td>0.021965</td>\n",
       "      <td>0.080924</td>\n",
       "      <td>0.111195</td>\n",
       "    </tr>\n",
       "    <tr>\n",
       "      <th>X4</th>\n",
       "      <td>-0.015712</td>\n",
       "      <td>-0.013822</td>\n",
       "      <td>-0.075947</td>\n",
       "      <td>0.054588</td>\n",
       "      <td>1.000000</td>\n",
       "      <td>0.084550</td>\n",
       "      <td>0.164151</td>\n",
       "      <td>0.053012</td>\n",
       "      <td>0.011746</td>\n",
       "      <td>0.070294</td>\n",
       "      <td>...</td>\n",
       "      <td>-0.116893</td>\n",
       "      <td>-0.006628</td>\n",
       "      <td>-0.095651</td>\n",
       "      <td>0.119764</td>\n",
       "      <td>0.044665</td>\n",
       "      <td>0.093540</td>\n",
       "      <td>0.111946</td>\n",
       "      <td>-0.112126</td>\n",
       "      <td>-0.020647</td>\n",
       "      <td>-0.032448</td>\n",
       "    </tr>\n",
       "    <tr>\n",
       "      <th>X5</th>\n",
       "      <td>0.012721</td>\n",
       "      <td>0.059583</td>\n",
       "      <td>0.094135</td>\n",
       "      <td>0.006770</td>\n",
       "      <td>0.084550</td>\n",
       "      <td>1.000000</td>\n",
       "      <td>0.101695</td>\n",
       "      <td>-0.097316</td>\n",
       "      <td>-0.126001</td>\n",
       "      <td>0.072534</td>\n",
       "      <td>...</td>\n",
       "      <td>-0.122200</td>\n",
       "      <td>-0.003274</td>\n",
       "      <td>-0.140624</td>\n",
       "      <td>0.018814</td>\n",
       "      <td>-0.065864</td>\n",
       "      <td>-0.079167</td>\n",
       "      <td>0.094470</td>\n",
       "      <td>0.005580</td>\n",
       "      <td>-0.114166</td>\n",
       "      <td>-0.126088</td>\n",
       "    </tr>\n",
       "    <tr>\n",
       "      <th>X6</th>\n",
       "      <td>0.061886</td>\n",
       "      <td>0.037936</td>\n",
       "      <td>0.015830</td>\n",
       "      <td>-0.033201</td>\n",
       "      <td>0.164151</td>\n",
       "      <td>0.101695</td>\n",
       "      <td>1.000000</td>\n",
       "      <td>0.011095</td>\n",
       "      <td>-0.104186</td>\n",
       "      <td>0.055921</td>\n",
       "      <td>...</td>\n",
       "      <td>-0.029052</td>\n",
       "      <td>-0.074980</td>\n",
       "      <td>0.017362</td>\n",
       "      <td>0.024103</td>\n",
       "      <td>-0.069652</td>\n",
       "      <td>0.052669</td>\n",
       "      <td>-0.000611</td>\n",
       "      <td>-0.053634</td>\n",
       "      <td>0.007415</td>\n",
       "      <td>-0.029438</td>\n",
       "    </tr>\n",
       "    <tr>\n",
       "      <th>X7</th>\n",
       "      <td>-0.067190</td>\n",
       "      <td>-0.042230</td>\n",
       "      <td>-0.093409</td>\n",
       "      <td>0.098152</td>\n",
       "      <td>0.053012</td>\n",
       "      <td>-0.097316</td>\n",
       "      <td>0.011095</td>\n",
       "      <td>1.000000</td>\n",
       "      <td>0.088999</td>\n",
       "      <td>0.029444</td>\n",
       "      <td>...</td>\n",
       "      <td>-0.087020</td>\n",
       "      <td>-0.104424</td>\n",
       "      <td>0.002452</td>\n",
       "      <td>-0.014962</td>\n",
       "      <td>0.208889</td>\n",
       "      <td>-0.036282</td>\n",
       "      <td>0.059121</td>\n",
       "      <td>-0.083774</td>\n",
       "      <td>0.006361</td>\n",
       "      <td>0.008775</td>\n",
       "    </tr>\n",
       "    <tr>\n",
       "      <th>X8</th>\n",
       "      <td>-0.130483</td>\n",
       "      <td>-0.109706</td>\n",
       "      <td>-0.013345</td>\n",
       "      <td>-0.022209</td>\n",
       "      <td>0.011746</td>\n",
       "      <td>-0.126001</td>\n",
       "      <td>-0.104186</td>\n",
       "      <td>0.088999</td>\n",
       "      <td>1.000000</td>\n",
       "      <td>0.024376</td>\n",
       "      <td>...</td>\n",
       "      <td>-0.011480</td>\n",
       "      <td>-0.000386</td>\n",
       "      <td>0.077784</td>\n",
       "      <td>0.011402</td>\n",
       "      <td>0.117698</td>\n",
       "      <td>-0.073084</td>\n",
       "      <td>-0.113644</td>\n",
       "      <td>0.008558</td>\n",
       "      <td>-0.072585</td>\n",
       "      <td>-0.030570</td>\n",
       "    </tr>\n",
       "    <tr>\n",
       "      <th>X9</th>\n",
       "      <td>-0.066262</td>\n",
       "      <td>-0.082266</td>\n",
       "      <td>0.022155</td>\n",
       "      <td>0.087798</td>\n",
       "      <td>0.070294</td>\n",
       "      <td>0.072534</td>\n",
       "      <td>0.055921</td>\n",
       "      <td>0.029444</td>\n",
       "      <td>0.024376</td>\n",
       "      <td>1.000000</td>\n",
       "      <td>...</td>\n",
       "      <td>0.109571</td>\n",
       "      <td>-0.049180</td>\n",
       "      <td>-0.115699</td>\n",
       "      <td>0.054145</td>\n",
       "      <td>-0.016011</td>\n",
       "      <td>0.014005</td>\n",
       "      <td>-0.099215</td>\n",
       "      <td>-0.121225</td>\n",
       "      <td>0.039683</td>\n",
       "      <td>0.088701</td>\n",
       "    </tr>\n",
       "    <tr>\n",
       "      <th>...</th>\n",
       "      <td>...</td>\n",
       "      <td>...</td>\n",
       "      <td>...</td>\n",
       "      <td>...</td>\n",
       "      <td>...</td>\n",
       "      <td>...</td>\n",
       "      <td>...</td>\n",
       "      <td>...</td>\n",
       "      <td>...</td>\n",
       "      <td>...</td>\n",
       "      <td>...</td>\n",
       "      <td>...</td>\n",
       "      <td>...</td>\n",
       "      <td>...</td>\n",
       "      <td>...</td>\n",
       "      <td>...</td>\n",
       "      <td>...</td>\n",
       "      <td>...</td>\n",
       "      <td>...</td>\n",
       "      <td>...</td>\n",
       "      <td>...</td>\n",
       "    </tr>\n",
       "    <tr>\n",
       "      <th>X11</th>\n",
       "      <td>0.017794</td>\n",
       "      <td>0.005369</td>\n",
       "      <td>-0.053553</td>\n",
       "      <td>0.093097</td>\n",
       "      <td>-0.116893</td>\n",
       "      <td>-0.122200</td>\n",
       "      <td>-0.029052</td>\n",
       "      <td>-0.087020</td>\n",
       "      <td>-0.011480</td>\n",
       "      <td>0.109571</td>\n",
       "      <td>...</td>\n",
       "      <td>1.000000</td>\n",
       "      <td>-0.043084</td>\n",
       "      <td>0.123299</td>\n",
       "      <td>-0.084204</td>\n",
       "      <td>0.002415</td>\n",
       "      <td>0.110896</td>\n",
       "      <td>-0.073635</td>\n",
       "      <td>-0.017352</td>\n",
       "      <td>-0.024370</td>\n",
       "      <td>-0.030878</td>\n",
       "    </tr>\n",
       "    <tr>\n",
       "      <th>X12</th>\n",
       "      <td>0.093349</td>\n",
       "      <td>0.220114</td>\n",
       "      <td>0.086350</td>\n",
       "      <td>-0.124179</td>\n",
       "      <td>-0.006628</td>\n",
       "      <td>-0.003274</td>\n",
       "      <td>-0.074980</td>\n",
       "      <td>-0.104424</td>\n",
       "      <td>-0.000386</td>\n",
       "      <td>-0.049180</td>\n",
       "      <td>...</td>\n",
       "      <td>-0.043084</td>\n",
       "      <td>1.000000</td>\n",
       "      <td>-0.146473</td>\n",
       "      <td>0.009521</td>\n",
       "      <td>-0.107008</td>\n",
       "      <td>0.091775</td>\n",
       "      <td>0.108236</td>\n",
       "      <td>-0.002052</td>\n",
       "      <td>0.080686</td>\n",
       "      <td>-0.143630</td>\n",
       "    </tr>\n",
       "    <tr>\n",
       "      <th>X13</th>\n",
       "      <td>-0.022630</td>\n",
       "      <td>-0.166945</td>\n",
       "      <td>-0.065941</td>\n",
       "      <td>-0.089029</td>\n",
       "      <td>-0.095651</td>\n",
       "      <td>-0.140624</td>\n",
       "      <td>0.017362</td>\n",
       "      <td>0.002452</td>\n",
       "      <td>0.077784</td>\n",
       "      <td>-0.115699</td>\n",
       "      <td>...</td>\n",
       "      <td>0.123299</td>\n",
       "      <td>-0.146473</td>\n",
       "      <td>1.000000</td>\n",
       "      <td>-0.042819</td>\n",
       "      <td>-0.002959</td>\n",
       "      <td>-0.043527</td>\n",
       "      <td>0.004877</td>\n",
       "      <td>-0.020279</td>\n",
       "      <td>-0.102940</td>\n",
       "      <td>-0.026873</td>\n",
       "    </tr>\n",
       "    <tr>\n",
       "      <th>X14</th>\n",
       "      <td>0.070063</td>\n",
       "      <td>-0.044404</td>\n",
       "      <td>-0.176315</td>\n",
       "      <td>-0.042376</td>\n",
       "      <td>0.119764</td>\n",
       "      <td>0.018814</td>\n",
       "      <td>0.024103</td>\n",
       "      <td>-0.014962</td>\n",
       "      <td>0.011402</td>\n",
       "      <td>0.054145</td>\n",
       "      <td>...</td>\n",
       "      <td>-0.084204</td>\n",
       "      <td>0.009521</td>\n",
       "      <td>-0.042819</td>\n",
       "      <td>1.000000</td>\n",
       "      <td>-0.015185</td>\n",
       "      <td>0.115692</td>\n",
       "      <td>0.065646</td>\n",
       "      <td>-0.001267</td>\n",
       "      <td>-0.008423</td>\n",
       "      <td>-0.012405</td>\n",
       "    </tr>\n",
       "    <tr>\n",
       "      <th>X15</th>\n",
       "      <td>-0.063841</td>\n",
       "      <td>-0.096128</td>\n",
       "      <td>-0.235891</td>\n",
       "      <td>0.159899</td>\n",
       "      <td>0.044665</td>\n",
       "      <td>-0.065864</td>\n",
       "      <td>-0.069652</td>\n",
       "      <td>0.208889</td>\n",
       "      <td>0.117698</td>\n",
       "      <td>-0.016011</td>\n",
       "      <td>...</td>\n",
       "      <td>0.002415</td>\n",
       "      <td>-0.107008</td>\n",
       "      <td>-0.002959</td>\n",
       "      <td>-0.015185</td>\n",
       "      <td>1.000000</td>\n",
       "      <td>-0.088869</td>\n",
       "      <td>-0.038482</td>\n",
       "      <td>-0.095367</td>\n",
       "      <td>0.031087</td>\n",
       "      <td>-0.040633</td>\n",
       "    </tr>\n",
       "    <tr>\n",
       "      <th>X16</th>\n",
       "      <td>-0.084814</td>\n",
       "      <td>0.109974</td>\n",
       "      <td>-0.032962</td>\n",
       "      <td>0.001291</td>\n",
       "      <td>0.093540</td>\n",
       "      <td>-0.079167</td>\n",
       "      <td>0.052669</td>\n",
       "      <td>-0.036282</td>\n",
       "      <td>-0.073084</td>\n",
       "      <td>0.014005</td>\n",
       "      <td>...</td>\n",
       "      <td>0.110896</td>\n",
       "      <td>0.091775</td>\n",
       "      <td>-0.043527</td>\n",
       "      <td>0.115692</td>\n",
       "      <td>-0.088869</td>\n",
       "      <td>1.000000</td>\n",
       "      <td>0.130384</td>\n",
       "      <td>-0.013822</td>\n",
       "      <td>0.030814</td>\n",
       "      <td>-0.091524</td>\n",
       "    </tr>\n",
       "    <tr>\n",
       "      <th>X17</th>\n",
       "      <td>0.119939</td>\n",
       "      <td>0.144742</td>\n",
       "      <td>-0.050709</td>\n",
       "      <td>0.075915</td>\n",
       "      <td>0.111946</td>\n",
       "      <td>0.094470</td>\n",
       "      <td>-0.000611</td>\n",
       "      <td>0.059121</td>\n",
       "      <td>-0.113644</td>\n",
       "      <td>-0.099215</td>\n",
       "      <td>...</td>\n",
       "      <td>-0.073635</td>\n",
       "      <td>0.108236</td>\n",
       "      <td>0.004877</td>\n",
       "      <td>0.065646</td>\n",
       "      <td>-0.038482</td>\n",
       "      <td>0.130384</td>\n",
       "      <td>1.000000</td>\n",
       "      <td>0.107974</td>\n",
       "      <td>-0.110542</td>\n",
       "      <td>-0.063323</td>\n",
       "    </tr>\n",
       "    <tr>\n",
       "      <th>X18</th>\n",
       "      <td>-0.064881</td>\n",
       "      <td>0.046651</td>\n",
       "      <td>-0.000114</td>\n",
       "      <td>0.021965</td>\n",
       "      <td>-0.112126</td>\n",
       "      <td>0.005580</td>\n",
       "      <td>-0.053634</td>\n",
       "      <td>-0.083774</td>\n",
       "      <td>0.008558</td>\n",
       "      <td>-0.121225</td>\n",
       "      <td>...</td>\n",
       "      <td>-0.017352</td>\n",
       "      <td>-0.002052</td>\n",
       "      <td>-0.020279</td>\n",
       "      <td>-0.001267</td>\n",
       "      <td>-0.095367</td>\n",
       "      <td>-0.013822</td>\n",
       "      <td>0.107974</td>\n",
       "      <td>1.000000</td>\n",
       "      <td>0.096424</td>\n",
       "      <td>0.011035</td>\n",
       "    </tr>\n",
       "    <tr>\n",
       "      <th>X19</th>\n",
       "      <td>0.102649</td>\n",
       "      <td>0.003705</td>\n",
       "      <td>0.033776</td>\n",
       "      <td>0.080924</td>\n",
       "      <td>-0.020647</td>\n",
       "      <td>-0.114166</td>\n",
       "      <td>0.007415</td>\n",
       "      <td>0.006361</td>\n",
       "      <td>-0.072585</td>\n",
       "      <td>0.039683</td>\n",
       "      <td>...</td>\n",
       "      <td>-0.024370</td>\n",
       "      <td>0.080686</td>\n",
       "      <td>-0.102940</td>\n",
       "      <td>-0.008423</td>\n",
       "      <td>0.031087</td>\n",
       "      <td>0.030814</td>\n",
       "      <td>-0.110542</td>\n",
       "      <td>0.096424</td>\n",
       "      <td>1.000000</td>\n",
       "      <td>0.046202</td>\n",
       "    </tr>\n",
       "    <tr>\n",
       "      <th>X20</th>\n",
       "      <td>-0.034649</td>\n",
       "      <td>-0.217105</td>\n",
       "      <td>0.053205</td>\n",
       "      <td>0.111195</td>\n",
       "      <td>-0.032448</td>\n",
       "      <td>-0.126088</td>\n",
       "      <td>-0.029438</td>\n",
       "      <td>0.008775</td>\n",
       "      <td>-0.030570</td>\n",
       "      <td>0.088701</td>\n",
       "      <td>...</td>\n",
       "      <td>-0.030878</td>\n",
       "      <td>-0.143630</td>\n",
       "      <td>-0.026873</td>\n",
       "      <td>-0.012405</td>\n",
       "      <td>-0.040633</td>\n",
       "      <td>-0.091524</td>\n",
       "      <td>-0.063323</td>\n",
       "      <td>0.011035</td>\n",
       "      <td>0.046202</td>\n",
       "      <td>1.000000</td>\n",
       "    </tr>\n",
       "  </tbody>\n",
       "</table>\n",
       "<p>21 rows × 21 columns</p>\n",
       "</div>"
      ],
      "text/plain": [
       "            Y        X1        X2        X3        X4        X5        X6  \\\n",
       "Y    1.000000  0.029695 -0.003284  0.014470 -0.015712  0.012721  0.061886   \n",
       "X1   0.029695  1.000000  0.062205  0.028148 -0.013822  0.059583  0.037936   \n",
       "X2  -0.003284  0.062205  1.000000 -0.025533 -0.075947  0.094135  0.015830   \n",
       "X3   0.014470  0.028148 -0.025533  1.000000  0.054588  0.006770 -0.033201   \n",
       "X4  -0.015712 -0.013822 -0.075947  0.054588  1.000000  0.084550  0.164151   \n",
       "X5   0.012721  0.059583  0.094135  0.006770  0.084550  1.000000  0.101695   \n",
       "X6   0.061886  0.037936  0.015830 -0.033201  0.164151  0.101695  1.000000   \n",
       "X7  -0.067190 -0.042230 -0.093409  0.098152  0.053012 -0.097316  0.011095   \n",
       "X8  -0.130483 -0.109706 -0.013345 -0.022209  0.011746 -0.126001 -0.104186   \n",
       "X9  -0.066262 -0.082266  0.022155  0.087798  0.070294  0.072534  0.055921   \n",
       "..        ...       ...       ...       ...       ...       ...       ...   \n",
       "X11  0.017794  0.005369 -0.053553  0.093097 -0.116893 -0.122200 -0.029052   \n",
       "X12  0.093349  0.220114  0.086350 -0.124179 -0.006628 -0.003274 -0.074980   \n",
       "X13 -0.022630 -0.166945 -0.065941 -0.089029 -0.095651 -0.140624  0.017362   \n",
       "X14  0.070063 -0.044404 -0.176315 -0.042376  0.119764  0.018814  0.024103   \n",
       "X15 -0.063841 -0.096128 -0.235891  0.159899  0.044665 -0.065864 -0.069652   \n",
       "X16 -0.084814  0.109974 -0.032962  0.001291  0.093540 -0.079167  0.052669   \n",
       "X17  0.119939  0.144742 -0.050709  0.075915  0.111946  0.094470 -0.000611   \n",
       "X18 -0.064881  0.046651 -0.000114  0.021965 -0.112126  0.005580 -0.053634   \n",
       "X19  0.102649  0.003705  0.033776  0.080924 -0.020647 -0.114166  0.007415   \n",
       "X20 -0.034649 -0.217105  0.053205  0.111195 -0.032448 -0.126088 -0.029438   \n",
       "\n",
       "           X7        X8        X9    ...          X11       X12       X13  \\\n",
       "Y   -0.067190 -0.130483 -0.066262    ...     0.017794  0.093349 -0.022630   \n",
       "X1  -0.042230 -0.109706 -0.082266    ...     0.005369  0.220114 -0.166945   \n",
       "X2  -0.093409 -0.013345  0.022155    ...    -0.053553  0.086350 -0.065941   \n",
       "X3   0.098152 -0.022209  0.087798    ...     0.093097 -0.124179 -0.089029   \n",
       "X4   0.053012  0.011746  0.070294    ...    -0.116893 -0.006628 -0.095651   \n",
       "X5  -0.097316 -0.126001  0.072534    ...    -0.122200 -0.003274 -0.140624   \n",
       "X6   0.011095 -0.104186  0.055921    ...    -0.029052 -0.074980  0.017362   \n",
       "X7   1.000000  0.088999  0.029444    ...    -0.087020 -0.104424  0.002452   \n",
       "X8   0.088999  1.000000  0.024376    ...    -0.011480 -0.000386  0.077784   \n",
       "X9   0.029444  0.024376  1.000000    ...     0.109571 -0.049180 -0.115699   \n",
       "..        ...       ...       ...    ...          ...       ...       ...   \n",
       "X11 -0.087020 -0.011480  0.109571    ...     1.000000 -0.043084  0.123299   \n",
       "X12 -0.104424 -0.000386 -0.049180    ...    -0.043084  1.000000 -0.146473   \n",
       "X13  0.002452  0.077784 -0.115699    ...     0.123299 -0.146473  1.000000   \n",
       "X14 -0.014962  0.011402  0.054145    ...    -0.084204  0.009521 -0.042819   \n",
       "X15  0.208889  0.117698 -0.016011    ...     0.002415 -0.107008 -0.002959   \n",
       "X16 -0.036282 -0.073084  0.014005    ...     0.110896  0.091775 -0.043527   \n",
       "X17  0.059121 -0.113644 -0.099215    ...    -0.073635  0.108236  0.004877   \n",
       "X18 -0.083774  0.008558 -0.121225    ...    -0.017352 -0.002052 -0.020279   \n",
       "X19  0.006361 -0.072585  0.039683    ...    -0.024370  0.080686 -0.102940   \n",
       "X20  0.008775 -0.030570  0.088701    ...    -0.030878 -0.143630 -0.026873   \n",
       "\n",
       "          X14       X15       X16       X17       X18       X19       X20  \n",
       "Y    0.070063 -0.063841 -0.084814  0.119939 -0.064881  0.102649 -0.034649  \n",
       "X1  -0.044404 -0.096128  0.109974  0.144742  0.046651  0.003705 -0.217105  \n",
       "X2  -0.176315 -0.235891 -0.032962 -0.050709 -0.000114  0.033776  0.053205  \n",
       "X3  -0.042376  0.159899  0.001291  0.075915  0.021965  0.080924  0.111195  \n",
       "X4   0.119764  0.044665  0.093540  0.111946 -0.112126 -0.020647 -0.032448  \n",
       "X5   0.018814 -0.065864 -0.079167  0.094470  0.005580 -0.114166 -0.126088  \n",
       "X6   0.024103 -0.069652  0.052669 -0.000611 -0.053634  0.007415 -0.029438  \n",
       "X7  -0.014962  0.208889 -0.036282  0.059121 -0.083774  0.006361  0.008775  \n",
       "X8   0.011402  0.117698 -0.073084 -0.113644  0.008558 -0.072585 -0.030570  \n",
       "X9   0.054145 -0.016011  0.014005 -0.099215 -0.121225  0.039683  0.088701  \n",
       "..        ...       ...       ...       ...       ...       ...       ...  \n",
       "X11 -0.084204  0.002415  0.110896 -0.073635 -0.017352 -0.024370 -0.030878  \n",
       "X12  0.009521 -0.107008  0.091775  0.108236 -0.002052  0.080686 -0.143630  \n",
       "X13 -0.042819 -0.002959 -0.043527  0.004877 -0.020279 -0.102940 -0.026873  \n",
       "X14  1.000000 -0.015185  0.115692  0.065646 -0.001267 -0.008423 -0.012405  \n",
       "X15 -0.015185  1.000000 -0.088869 -0.038482 -0.095367  0.031087 -0.040633  \n",
       "X16  0.115692 -0.088869  1.000000  0.130384 -0.013822  0.030814 -0.091524  \n",
       "X17  0.065646 -0.038482  0.130384  1.000000  0.107974 -0.110542 -0.063323  \n",
       "X18 -0.001267 -0.095367 -0.013822  0.107974  1.000000  0.096424  0.011035  \n",
       "X19 -0.008423  0.031087  0.030814 -0.110542  0.096424  1.000000  0.046202  \n",
       "X20 -0.012405 -0.040633 -0.091524 -0.063323  0.011035  0.046202  1.000000  \n",
       "\n",
       "[21 rows x 21 columns]"
      ]
     },
     "execution_count": 45,
     "metadata": {},
     "output_type": "execute_result"
    }
   ],
   "source": [
    "pd.options.display.max_rows = 20\n",
    "df.corr()"
   ]
  },
  {
   "cell_type": "code",
   "execution_count": 39,
   "metadata": {
    "collapsed": false
   },
   "outputs": [
    {
     "data": {
      "text/html": [
       "<table class=\"simpletable\">\n",
       "<caption>OLS Regression Results</caption>\n",
       "<tr>\n",
       "  <th>Dep. Variable:</th>            <td>Y</td>        <th>  R-squared:         </th> <td>   0.766</td>\n",
       "</tr>\n",
       "<tr>\n",
       "  <th>Model:</th>                   <td>OLS</td>       <th>  Adj. R-squared:    </th> <td>   0.740</td>\n",
       "</tr>\n",
       "<tr>\n",
       "  <th>Method:</th>             <td>Least Squares</td>  <th>  F-statistic:       </th> <td>   29.39</td>\n",
       "</tr>\n",
       "<tr>\n",
       "  <th>Date:</th>             <td>Thu, 26 Jan 2017</td> <th>  Prob (F-statistic):</th> <td>3.21e-46</td>\n",
       "</tr>\n",
       "<tr>\n",
       "  <th>Time:</th>                 <td>10:24:12</td>     <th>  Log-Likelihood:    </th> <td> -23.790</td>\n",
       "</tr>\n",
       "<tr>\n",
       "  <th>No. Observations:</th>      <td>   200</td>      <th>  AIC:               </th> <td>   87.58</td>\n",
       "</tr>\n",
       "<tr>\n",
       "  <th>Df Residuals:</th>          <td>   180</td>      <th>  BIC:               </th> <td>   153.5</td>\n",
       "</tr>\n",
       "<tr>\n",
       "  <th>Df Model:</th>              <td>    20</td>      <th>                     </th>     <td> </td>   \n",
       "</tr>\n",
       "<tr>\n",
       "  <th>Covariance Type:</th>      <td>nonrobust</td>    <th>                     </th>     <td> </td>   \n",
       "</tr>\n",
       "</table>\n",
       "<table class=\"simpletable\">\n",
       "<tr>\n",
       "   <td></td>      <th>coef</th>     <th>std err</th>      <th>t</th>      <th>P>|t|</th> <th>[95.0% Conf. Int.]</th> \n",
       "</tr>\n",
       "<tr>\n",
       "  <th>X1</th>  <td>    0.0400</td> <td>    0.074</td> <td>    0.543</td> <td> 0.587</td> <td>   -0.105     0.185</td>\n",
       "</tr>\n",
       "<tr>\n",
       "  <th>X2</th>  <td>    0.0581</td> <td>    0.072</td> <td>    0.803</td> <td> 0.423</td> <td>   -0.085     0.201</td>\n",
       "</tr>\n",
       "<tr>\n",
       "  <th>X3</th>  <td>    0.0463</td> <td>    0.072</td> <td>    0.641</td> <td> 0.522</td> <td>   -0.096     0.189</td>\n",
       "</tr>\n",
       "<tr>\n",
       "  <th>X4</th>  <td>    0.0041</td> <td>    0.071</td> <td>    0.058</td> <td> 0.954</td> <td>   -0.135     0.144</td>\n",
       "</tr>\n",
       "<tr>\n",
       "  <th>X5</th>  <td>    0.0614</td> <td>    0.071</td> <td>    0.865</td> <td> 0.388</td> <td>   -0.079     0.202</td>\n",
       "</tr>\n",
       "<tr>\n",
       "  <th>X6</th>  <td>    0.1155</td> <td>    0.073</td> <td>    1.583</td> <td> 0.115</td> <td>   -0.028     0.259</td>\n",
       "</tr>\n",
       "<tr>\n",
       "  <th>X7</th>  <td>   -0.0068</td> <td>    0.073</td> <td>   -0.093</td> <td> 0.926</td> <td>   -0.151     0.137</td>\n",
       "</tr>\n",
       "<tr>\n",
       "  <th>X8</th>  <td>   -0.0378</td> <td>    0.071</td> <td>   -0.530</td> <td> 0.597</td> <td>   -0.178     0.103</td>\n",
       "</tr>\n",
       "<tr>\n",
       "  <th>X9</th>  <td>   -0.0300</td> <td>    0.069</td> <td>   -0.436</td> <td> 0.664</td> <td>   -0.166     0.106</td>\n",
       "</tr>\n",
       "<tr>\n",
       "  <th>X10</th> <td>    0.0152</td> <td>    0.077</td> <td>    0.198</td> <td> 0.843</td> <td>   -0.136     0.166</td>\n",
       "</tr>\n",
       "<tr>\n",
       "  <th>X11</th> <td>    0.1097</td> <td>    0.072</td> <td>    1.525</td> <td> 0.129</td> <td>   -0.032     0.252</td>\n",
       "</tr>\n",
       "<tr>\n",
       "  <th>X12</th> <td>    0.1241</td> <td>    0.071</td> <td>    1.742</td> <td> 0.083</td> <td>   -0.017     0.265</td>\n",
       "</tr>\n",
       "<tr>\n",
       "  <th>X13</th> <td>    0.0709</td> <td>    0.070</td> <td>    1.007</td> <td> 0.315</td> <td>   -0.068     0.210</td>\n",
       "</tr>\n",
       "<tr>\n",
       "  <th>X14</th> <td>    0.1277</td> <td>    0.069</td> <td>    1.843</td> <td> 0.067</td> <td>   -0.009     0.264</td>\n",
       "</tr>\n",
       "<tr>\n",
       "  <th>X15</th> <td>    0.0109</td> <td>    0.068</td> <td>    0.159</td> <td> 0.874</td> <td>   -0.124     0.146</td>\n",
       "</tr>\n",
       "<tr>\n",
       "  <th>X16</th> <td>   -0.1095</td> <td>    0.077</td> <td>   -1.426</td> <td> 0.156</td> <td>   -0.261     0.042</td>\n",
       "</tr>\n",
       "<tr>\n",
       "  <th>X17</th> <td>    0.1850</td> <td>    0.081</td> <td>    2.272</td> <td> 0.024</td> <td>    0.024     0.346</td>\n",
       "</tr>\n",
       "<tr>\n",
       "  <th>X18</th> <td>   -0.0529</td> <td>    0.073</td> <td>   -0.722</td> <td> 0.471</td> <td>   -0.198     0.092</td>\n",
       "</tr>\n",
       "<tr>\n",
       "  <th>X19</th> <td>    0.1763</td> <td>    0.073</td> <td>    2.422</td> <td> 0.016</td> <td>    0.033     0.320</td>\n",
       "</tr>\n",
       "<tr>\n",
       "  <th>X20</th> <td>    0.0460</td> <td>    0.073</td> <td>    0.631</td> <td> 0.529</td> <td>   -0.098     0.190</td>\n",
       "</tr>\n",
       "</table>\n",
       "<table class=\"simpletable\">\n",
       "<tr>\n",
       "  <th>Omnibus:</th>       <td> 9.068</td> <th>  Durbin-Watson:     </th> <td>   2.078</td>\n",
       "</tr>\n",
       "<tr>\n",
       "  <th>Prob(Omnibus):</th> <td> 0.011</td> <th>  Jarque-Bera (JB):  </th> <td>   4.202</td>\n",
       "</tr>\n",
       "<tr>\n",
       "  <th>Skew:</th>          <td> 0.009</td> <th>  Prob(JB):          </th> <td>   0.122</td>\n",
       "</tr>\n",
       "<tr>\n",
       "  <th>Kurtosis:</th>      <td> 2.290</td> <th>  Cond. No.          </th> <td>    10.9</td>\n",
       "</tr>\n",
       "</table>"
      ],
      "text/plain": [
       "<class 'statsmodels.iolib.summary.Summary'>\n",
       "\"\"\"\n",
       "                            OLS Regression Results                            \n",
       "==============================================================================\n",
       "Dep. Variable:                      Y   R-squared:                       0.766\n",
       "Model:                            OLS   Adj. R-squared:                  0.740\n",
       "Method:                 Least Squares   F-statistic:                     29.39\n",
       "Date:                Thu, 26 Jan 2017   Prob (F-statistic):           3.21e-46\n",
       "Time:                        10:24:12   Log-Likelihood:                -23.790\n",
       "No. Observations:                 200   AIC:                             87.58\n",
       "Df Residuals:                     180   BIC:                             153.5\n",
       "Df Model:                          20                                         \n",
       "Covariance Type:            nonrobust                                         \n",
       "==============================================================================\n",
       "                 coef    std err          t      P>|t|      [95.0% Conf. Int.]\n",
       "------------------------------------------------------------------------------\n",
       "X1             0.0400      0.074      0.543      0.587        -0.105     0.185\n",
       "X2             0.0581      0.072      0.803      0.423        -0.085     0.201\n",
       "X3             0.0463      0.072      0.641      0.522        -0.096     0.189\n",
       "X4             0.0041      0.071      0.058      0.954        -0.135     0.144\n",
       "X5             0.0614      0.071      0.865      0.388        -0.079     0.202\n",
       "X6             0.1155      0.073      1.583      0.115        -0.028     0.259\n",
       "X7            -0.0068      0.073     -0.093      0.926        -0.151     0.137\n",
       "X8            -0.0378      0.071     -0.530      0.597        -0.178     0.103\n",
       "X9            -0.0300      0.069     -0.436      0.664        -0.166     0.106\n",
       "X10            0.0152      0.077      0.198      0.843        -0.136     0.166\n",
       "X11            0.1097      0.072      1.525      0.129        -0.032     0.252\n",
       "X12            0.1241      0.071      1.742      0.083        -0.017     0.265\n",
       "X13            0.0709      0.070      1.007      0.315        -0.068     0.210\n",
       "X14            0.1277      0.069      1.843      0.067        -0.009     0.264\n",
       "X15            0.0109      0.068      0.159      0.874        -0.124     0.146\n",
       "X16           -0.1095      0.077     -1.426      0.156        -0.261     0.042\n",
       "X17            0.1850      0.081      2.272      0.024         0.024     0.346\n",
       "X18           -0.0529      0.073     -0.722      0.471        -0.198     0.092\n",
       "X19            0.1763      0.073      2.422      0.016         0.033     0.320\n",
       "X20            0.0460      0.073      0.631      0.529        -0.098     0.190\n",
       "==============================================================================\n",
       "Omnibus:                        9.068   Durbin-Watson:                   2.078\n",
       "Prob(Omnibus):                  0.011   Jarque-Bera (JB):                4.202\n",
       "Skew:                           0.009   Prob(JB):                        0.122\n",
       "Kurtosis:                       2.290   Cond. No.                         10.9\n",
       "==============================================================================\n",
       "\n",
       "Warnings:\n",
       "[1] Standard Errors assume that the covariance matrix of the errors is correctly specified.\n",
       "\"\"\""
      ]
     },
     "execution_count": 39,
     "metadata": {},
     "output_type": "execute_result"
    }
   ],
   "source": [
    "# Need to include intercept!! Why?\n",
    "\n",
    "lsm = sm.OLS(df_y,df_x)\n",
    "fit4 = lsm.fit()\n",
    "fit4.summary()"
   ]
  },
  {
   "cell_type": "code",
   "execution_count": null,
   "metadata": {
    "collapsed": true
   },
   "outputs": [],
   "source": []
  },
  {
   "cell_type": "code",
   "execution_count": null,
   "metadata": {
    "collapsed": true
   },
   "outputs": [],
   "source": []
  }
 ],
 "metadata": {
  "kernelspec": {
   "display_name": "Python [conda root]",
   "language": "python",
   "name": "conda-root-py"
  },
  "language_info": {
   "codemirror_mode": {
    "name": "ipython",
    "version": 2
   },
   "file_extension": ".py",
   "mimetype": "text/x-python",
   "name": "python",
   "nbconvert_exporter": "python",
   "pygments_lexer": "ipython2",
   "version": "2.7.13"
  }
 },
 "nbformat": 4,
 "nbformat_minor": 2
}
